3) ETL.SP_FPDSdelta_ProcessCTU end
2025-12-04 00:13:19.057

3A) insert into contract.contract_transaction_unique_key start
2025-12-04 00:13:19.057



3A) insert into contract.contract_transaction_unique_key end
2025-12-04 00:15:43.433

3B) ETL.SP_AutomatedCTUupdates start
2025-12-04 00:15:43.433


0







fiscal_year	totalcount	nullctid	nullctu
NULL	550552	0	0
1962	1	0	0
1966	3	0	0
1967	1	0	0
1970	2	0	0
1973	1	0	0
1974	3	0	0
1977	1	0	0
1978	1	0	0
1979	915	0	0
1980	1224	0	0
1981	1818	0	0
1982	1861	0	0
1983	1660	0	0
1984	1940	0	0
1985	1820	0	0
1986	1856	0	0
1987	2579	0	2
1988	1951	0	57
1989	4365	0	2813
1990	218938	0	217182
1991	251106	0	249091
1992	243038	0	240574
1993	230683	0	227903
1994	233162	0	230094
1995	244798	0	239997
1996	269787	0	260836
1997	290318	0	256866
1998	317425	0	259810
1999	362131	0	271684
2000	594633	0	1
2001	642251	0	1
2002	830718	0	1
2003	1183972	0	0
2004	2002015	0	0
2005	2923940	0	0
2006	3798206	0	0
2007	4112237	0	0
2008	4505700	0	0
2009	3497631	0	0
2010	3543881	0	0
2011	3408556	0	0
2012	3129994	0	0
2013	2515039	0	0
2014	2528303	0	0
2015	4375199	0	0
2016	4821574	0	0
2017	4913175	0	0
2018	5620271	0	0
2019	6490437	0	0
2020	6308333	0	0
2021	6403258	0	0
2022	6665411	0	0
2023	6686755	0	0
2024	6682166	0	0
2025	4401897	0	0



fiscal_year	nullctu	nulluei	nullpuei	
1962	0	0	0	1
1966	0	0	0	3
1967	0	0	1	1
1970	0	0	0	2
1973	0	0	0	1
1974	0	0	0	3
1977	0	0	0	1
1978	0	0	0	1
1979	0	0	1	915
1980	0	0	0	1224
1981	0	0	0	1818
1982	0	0	0	1861
1983	0	0	0	1660
1984	0	0	0	1940
1985	0	0	0	1820
1986	0	0	0	1856
1987	2	2	2	2579
1988	57	57	57	1951
1989	2813	2813	2813	4365
1990	217182	217182	217182	218938
1991	249091	249091	249091	251106
1992	240574	240574	240574	243038
1993	227903	227908	227908	230684
1994	230094	230099	230101	233162
1995	239997	240002	240003	244798
1996	260836	262676	262677	269787
1997	256866	257038	257042	290310
1998	259810	261034	261038	317426
1999	271684	272482	272498	362094
2000	0	2998	3257	594658
2001	0	1553	1553	642234
2002	0	1177	1177	830721
2003	0	334	335	1183970
2004	0	656	659	2002010
2005	0	781	792	2923935
2006	0	857	867	3798178
2007	0	217	223	4112208
2008	0	362	387	4505632
2009	0	11	54	3497593
2010	0	95	1492	3543848
2011	0	134	2257	3408523
2012	0	466	3729	3129974
2013	0	230	3035	2515021
2014	0	130	3410	2528275
2015	0	124	4446	4375171
2016	0	24	3507	4821600
2017	0	35	3216	4913174
2018	0	2	3364	5619419
2019	0	6	2131	6488594
2020	0	0	1154	6306145
2021	0	0	15	6405021
2022	0	0	19	6666952
2023	0	0	313	6687970
2024	0	16	1050	6686206
2025	0	1	597	4317214





3B) ETL.SP_AutomatedCTUupdates end
2025-12-04 04:48:13.647

3C) update ctid start
2025-12-04 04:48:13.647



3C) update ctid end
2025-12-04 05:00:34.933

3) ETL.SP_FPDSdelta_ProcessCTU end
2025-12-04 05:00:34.933

