

====================================================
Starting ETL.SP_FPDSdelta_3_ProcessCTU
Start Time: 2026-06-13 10:42:28
Total CTU to process: 1425010
====================================================
3A) insert into contract.contract_transaction_unique_key start
2026-06-13 10:42:28.780



3A) insert into contract.contract_transaction_unique_key end
2026-06-13 10:44:10.910

3B) ETL.SP_AutomatedCTUupdates start
2026-06-13 10:44:10.910



====================================================
Starting ETL.SP_AutomatedCTUupdates
Start Time: 2026-06-13 10:46:07
Total CTU: 105016259
====================================================

1







fiscal_year	totalcount	nullctid	nullctu
NULL	550820	0	0
1962	1	0	0
1966	3	0	0
1967	1	0	0
1970	2	0	0
1973	1	0	0
1974	3	0	0
1977	1	0	0
1978	1	0	0
1979	915	0	0
1980	1224	0	0
1981	1818	0	0
1982	1873	0	0
1983	1677	0	0
1984	1975	0	0
1985	1836	0	0
1986	1864	0	0
1987	2603	0	2
1988	1962	0	57
1989	4367	0	2813
1990	218938	0	217182
1991	251109	0	249091
1992	243043	0	240574
1993	230689	0	227903
1994	233166	0	230094
1995	244805	0	239997
1996	269798	0	260836
1997	290368	0	256866
1998	317463	0	259810
1999	362214	0	271684
2000	594633	0	1
2001	642252	0	1
2002	830718	0	1
2003	1183973	0	0
2004	2002022	0	0
2005	2923973	0	0
2006	3798241	0	0
2007	4112307	0	0
2008	4505748	0	0
2009	3497667	0	0
2010	3543939	0	0
2011	3408593	0	0
2012	3130023	0	0
2013	2515091	0	0
2014	2528361	0	0
2015	4375262	0	0
2016	4821626	0	0
2017	4913244	0	0
2018	5620350	0	0
2019	6490519	0	0
2020	6308493	0	0
2021	6403323	0	0
2022	6665572	0	0
2023	6689137	0	0
2024	6684427	0	0
2025	5731979	0	0
2026	317158	0	0





 
====================================================
 ETL.SP_AutomatedCTUupdates COMPLETE
====================================================
Total CTU: 105016259
Total Duration: 50 minutes
Average Speed: 2100325 CTU/minute
End Time: 2026-06-13 11:36:23
====================================================
3B) ETL.SP_AutomatedCTUupdates end
2026-06-13 11:36:23.317

3C) update ctid start
2026-06-13 11:36:23.317



3C) update ctid end
2026-06-13 11:37:59.950





 
====================================================
 ETL.SP_FPDSdelta_3_ProcessCTU COMPLETE
====================================================
Total CTU Processed: 1425010
Total Duration: 60 minutes
Average Speed: 23750 CTU/minute
End Time: 2026-06-13 11:42:27
====================================================
