====================================================
Starting ETL.SP_FPDSdelta_3_ProcessCTU
Start Time: 2025-12-22 18:00:22
Total CTU to process: 2842400
====================================================
3A) insert into contract.contract_transaction_unique_key start
2025-12-22 18:00:22.970

3A) insert into contract.contract_transaction_unique_key end
2025-12-22 18:04:14.037

3B) ETL.SP_AutomatedCTUupdates start
2025-12-22 18:04:14.037

====================================================
Starting ETL.SP_FPDSdelta_2_ProcessCAU
Start Time: 2025-12-22 18:04:28
Total CTU: 2842400
====================================================

1

fiscal_year	totalcount	nullctid	nullctu
NULL	550629	0	0
1962	1	0	0
1966	3	0	0
1967	1	0	0
1970	2	0	0
1973	1	0	0
1974	3	0	0
1977	1	0	0
1978	1	0	0
1979	915	0	0
1980	1224	0	0
1981	1818	0	0
1982	1862	0	0
1983	1660	0	0
1984	1940	0	0
1985	1820	0	0
1986	1856	0	0
1987	2579	0	2
1988	1951	0	57
1989	4365	0	2813
1990	218938	0	217182
1991	251106	0	249091
1992	243038	0	240574
1993	230683	0	227903
1994	233162	0	230094
1995	244798	0	239997
1996	269788	0	260836
1997	290321	0	256866
1998	317426	0	259810
1999	362134	0	271684
2000	594633	0	1
2001	642252	0	1
2002	830718	0	1
2003	1183972	0	0
2004	2002017	0	0
2005	2923944	0	0
2006	3798210	0	0
2007	4112274	0	0
2008	4505742	0	0
2009	3497658	0	0
2010	3543921	0	0
2011	3408583	0	0
2012	3130006	0	0
2013	2515077	0	0
2014	2528343	0	0
2015	4375240	0	0
2016	4821610	0	0
2017	4913202	0	0
2018	5620310	0	0
2019	6490477	0	0
2020	6308403	0	0
2021	6403320	0	0
2022	6665488	0	0
2023	6688522	0	0
2024	6683532	0	0
2025	4883048	1	0
2026	9521	0	0

 
====================================================
 ETL.SP_AutomatedCTUupdates COMPLETE
====================================================
Total CTU: 2842400
Total Duration: 58 minutes
Average Speed: 49006 CTU/minute
End Time: 2025-12-22 19:02:53
====================================================
3B) ETL.SP_AutomatedCTUupdates end
2025-12-22 19:02:53.653

3C) update ctid start
2025-12-22 19:02:53.653

3C) update ctid end
2025-12-22 19:15:11.657

 
====================================================
 ETL.SP_FPDSdelta_2_ProcessCAU COMPLETE
====================================================
Total CTU Processed: 2842400
Total Duration: 77 minutes
Average Speed: 36914 CTU/minute
End Time: 2025-12-22 19:17:43
====================================================
